0,1.949
1,2.634
2,2.55
3,2.686
4,2.292
5,2.776
6,2.487
7,2.005
8,2.085
9,2.624
10,2.199
11,2.512
12,2.437
13,2.554
14,2.683
15,2.1
16,2.522
17,2.359
18,2.739
19,2.528
20,2.496
21,2.749
22,2.756
23,2.424
24,2.696
25,2.628
26,3.32
27,4.555
28,2.235
29,2.271
30,2.205
31,2.528
32,2.048
33,1.985
34,2.481
35,3.074
36,2.149
37,2.452
38,2.005
39,2.232
40,2.196
41,2.522
42,2.262
43,2.525
44,2.89
45,2.557
46,2.683
47,2.039
48,2.519
49,2.271
50,2.5
51,2.595
52,2.208
53,2.062
54,2.323
55,2.484
56,2.726
57,2.005
58,2.573
59,2.326
60,3.783
61,2.28
62,2.065
63,2.66
64,2.566
65,2.563
66,2.344
67,2.449
68,2.421
69,2.519
70,2.459
71,1.985
72,2.503
73,2.557
74,1.997
75,2.372
76,2.406
77,2.256
78,2.074
79,2.487
80,4.494
81,2.347
82,2.471
83,2.164
84,2.158
85,2.129
86,2.051
87,2.271
88,2.792
89,2.437
90,2.503
91,4.016
92,2.28
93,2.071
94,2.496
95,2.49
96,2.515
97,2.079
98,2.301
99,1.918
100,3.471
101,2.515
102,2.863
103,2.193
104,2.455
105,2.271
106,2.628
107,2.19
108,2.644
109,2.111
110,3.345
111,2.338
112,2.599
113,2.229
114,2.332
115,2.484
116,2.437
117,2.599
118,2.298
119,2.323
120,2.91
121,2.465
122,2.477
123,2.496
124,2.563
125,1.985
126,2.503
127,2.356
128,2.816
129,2.67
130,2.624
131,2.396
132,2.782
133,2.393
134,1.988
135,2.008
136,2.897
137,2.592
138,2.274
139,2.538
140,2.586
141,2.283
142,2.449
143,3.449
144,2.512
145,2.344
146,2.298
147,2.094
148,2.117
149,2.307
150,2.493
151,2.114
152,2.217
153,1.913
154,2.415
155,2.657
156,2.696
157,2.958
158,2.39
159,2.229
160,2.534
161,2.421
162,2.624
163,2.56
164,2.277
165,2.427
166,2.217
167,2.205
168,10.33
169,3.298
170,5.054
171,1.491
172,1.651
173,1.364
174,1.508
175,1.608
176,1.74
177,1.742
178,1.734
179,1.669
180,1.706
181,1.525
182,1.535
183,1.498
184,1.674
185,1.523
186,1.633
187,1.646
188,1.353
189,1.392
190,1.318
191,5.622
192,3.426
193,1.452
194,1.543
195,1.646
196,1.575
197,2.752
198,3.587
199,8.857
200,3.783
201,1.36
202,1.548
203,1.654
204,1.501
205,1.548
206,1.608
207,4.831
208,3.098
209,3.673
210,1.603
211,1.419
212,1.493
213,1.615
214,2.39
215,6.842
216,3.408
217,3.733
218,4.117
219,3.367
220,2.437
221,5.045
222,4.301
223,2.893
224,5.485
225,3.193
226,2.44
227,4.486
228,3.084
229,1.999
230,3.423
231,4.406
232,4.631
233,4.545
234,6.013
235,3.062
236,3.269
237,4.06
238,2.938
239,3.538
240,6.948
241,3.129
242,4.541
243,3.244
244,3.098
245,4.264
246,3.834
247,3.017
248,6.24
249,4.601
250,4.239
251,4.048
252,4.072
253,3.846
254,4.26
255,2.599
256,3.147
257,4.942
258,4.402
259,3.448
260,1.56
261,1.623
262,1.641
263,1.279
264,2.486
265,1.279
266,1.667
267,3.233
268,4.735
269,3.144
270,4.499
271,4.356
272,3.183
273,2.592
274,3.411
275,4.064
276,2.5
277,3.508
278,4.381
279,3.158
280,2.608
281,3.415
282,3.204
283,8.874
284,1.615
285,1.588
286,1.677
287,1.396
288,1.682
289,1.608
290,1.302
291,1.491
292,1.32
293,1.788
294,1.603
295,1.355
296,2.669
297,1.543
298,1.322
299,1.421
300,1.35
301,1.555
302,1.58
303,1.669
304,1.528
305,1.377
306,1.667
307,1.756
308,1.669
309,1.719
310,1.334
311,1.578
312,1.55
313,1.687
314,1.535
315,1.378
316,1.52
317,1.703
318,1.615
319,1.513
320,2.036
321,1.59
322,1.626
323,1.721
324,1.52
325,1.628
326,1.662
327,1.656
328,1.506
329,1.528
330,1.664
331,1.769
332,1.51
333,4.765
334,1.343
335,1.677
336,1.543
337,1.366
338,1.631
339,1.525
340,1.424
341,1.528
342,1.7
343,1.286
344,1.364
345,1.583
346,1.533
347,2.459
348,1.706
349,1.608
350,1.615
351,1.659
352,1.785
353,1.58
354,1.56
355,1.734
356,1.51
357,1.348
358,1.503
359,1.309
360,1.368
361,1.362
362,1.595
363,1.407
364,1.424
365,1.708
366,1.651
367,4.31
368,7.241
369,2.634
370,4.381
371,6.017
372,2.917
373,3.062
374,3.818
375,1.75
376,1.766
377,1.857
378,1.891
379,1.729
380,1.357
381,1.336
382,1.732
383,2.603
384,1.515
385,1.376
386,1.44
387,1.669
388,1.459
389,1.562
390,1.693
391,3.283
392,4.331
393,4.356
394,3.795
395,3.197
396,4.567
397,1.968
398,1.583
399,1.885
400,5.414
401,3.144
402,3.482
403,4.427
404,3.01
405,3.415
406,4.064
407,3.679
408,4.097
409,2.876
410,2.941
411,2.676
412,3.846
413,1.684
414,2.547
415,4.439
416,3.733
417,4.439
418,2.719
419,2.634
420,4.8
421,3.226
422,3.24
423,3.474
424,2.481
425,3.671
426,4.822
427,6.017
428,3.478
429,3.353
430,4.367
431,4.293
432,3.565
433,3.338
434,3.014
435,3.932
436,4.141
437,3.721
438,3.386
439,2.108
440,3.675
441,3.9
442,4.343
443,3.893
444,2.776
445,3.546
446,4.322
447,2.752
448,4.064
449,5.211
450,3.14
451,3.595
452,3.144
453,2.372
454,3.294
455,5.617
456,5.217
457,11.438
458,2.921
459,2.983
460,4.186
461,2.876
462,3.003
463,4.58
464,3.316
465,3.204
466,4.137
467,7.317
468,3.484
469,3.621
470,1.638
471,1.69
472,6.2
473,3.909
474,1.588
475,1.503
476,1.404
477,1.613
478,1.578
479,4.635
480,4.239
481,3.375
482,3.147
483,3.98
484,4.52
485,2.31
486,2.816
487,4.121
488,4.889
489,4.528
490,1.364
491,1.796
492,1.367
493,1.533
494,1.445
495,1.533
496,1.562
497,1.383
498,1.339
499,1.633
500,1.595
501,1.518
502,1.618
503,1.503
504,1.548
505,1.756
506,1.711
507,1.598
508,1.545
509,1.61
510,1.785
511,1.501
512,1.51
513,1.641
514,1.573
515,1.43
516,1.575
517,1.433
518,1.677
519,1.575
520,1.528
521,1.545
522,1.55
523,1.753
524,2.053
525,1.595
526,1.677
527,1.568
528,1.638
529,1.608
530,1.734
531,1.297
532,2.641
533,1.595
534,1.595
535,1.75
536,1.503
537,1.555
538,1.533
539,1.332
540,1.698
541,1.605
542,1.385
543,1.565
544,1.711
545,1.476
546,1.55
547,1.664
548,1.523
549,1.545
550,1.538
551,1.706
552,1.68
553,2.375
554,1.924
555,1.649
556,1.615
557,1.313
558,1.578
559,2.748
560,1.565
561,2.411
562,1.56
563,1.575
564,1.397
565,1.706
566,1.682
567,1.543
568,1.598
569,1.506
570,1.533
571,5748124537.734
572,5.598
573,2.117
574,2.424
575,2.67
576,6.3
577,5.598